3d points:
    0:
        delx: 0
        dely: 0
        delz: 0
        diam: 4.798419952392578
        length: 0
        x: 552.7030029296875
        y: 988.6589965820312
        z: 129.29100036621094
    1:
        delx: -0.0880126953125
        dely: -0.41900634765625
        delz: -0.32000732421875
        diam: 5.527919769287109
        length: 0.5345252486702994
        x: 552.614990234375
        y: 988.239990234375
        z: 128.9709930419922
n3d: 2
name: filament_100000042[0]
nsegs: 1
segments:
    0.0:
        area: 0.0 um^2
        diam: 5.163169860839844
    0.5:
        area: 10.496602351956529 um^2
        diam: 5.163169860839844
    1.0:
        area: 0.0 um^2
        diam: 5.163169860839844
totalarea: 10.496602351956529

